 -0.74611469  -0.42782134   0.51017818  -0.21209869  -0.57360580  -0.79119564   0.63113153  -0.69853081   0.33723537   1.47870013  -1.76029888  -1.06173312
 -0.80400184   0.07048161   0.59043491   0.06129231  -0.97783818   0.20018927   0.59145946   0.19714166   0.78186371  -0.96624938   1.11466751   0.29887972
 -0.94562474   0.09291689   0.31170548   0.30869612   0.55829890   0.77007080  -0.10247225   0.82442027  -0.55662433  -7.10029788   3.12660879  10.86122127
  0.60217992   0.39009358   0.69656754  -0.79812548   0.27298483   0.53709868   0.01936637  -0.87937835   0.47572961  -4.21129672  -2.64079685  -9.02243478
  0.86347372  -0.27484665  -0.42293315  -0.25982191   0.47632483  -0.84000431   0.43232593   0.83520894   0.33988279   1.77089426   3.03259277   3.33020639
 -0.45982143   0.03851749   0.88717566  -0.58466679   0.73882815  -0.33510852  -0.66837789  -0.67279222  -0.31720912  -6.30678987 -11.52523530  -1.47599884
 -0.05093827   0.23170657   0.97145116   0.27027159   0.93961577  -0.20994157  -0.96143568   0.25186159  -0.11048610   1.68422082  -0.52414446  -1.11089002
 -0.15314497  -0.57712560   0.80216748   0.21729698  -0.81154199  -0.54238513   0.96401693   0.09124502   0.24969122  14.48681092  -0.63965719  -4.45306588
 -0.60132563   0.11249888   0.79104455  -0.73864732   0.29921043  -0.60404740  -0.30464344  -0.94753212  -0.09682591  -0.00465126   0.14046937   0.06973040
 -0.70750608   0.68551608  -0.17176393   0.15369989   0.38648999   0.90939641   0.68979090   0.61700340  -0.37880777  -3.30047622   1.16753387  -0.75268450
  0.79079710  -0.60354606  -0.10184346  -0.00438630   0.16079726  -0.98697771   0.61206266   0.78094583   0.12451067   0.14167984 -11.22707371   5.48856951
  0.19838187  -0.79900057  -0.56766427   0.38900047   0.59579135  -0.70264593   0.89962396  -0.08142945   0.42900580  -0.01190001   0.05477879  -0.23462369
 -0.84867354  -0.41222005  -0.33140285  -0.20166652   0.83142731  -0.51774438   0.48896199  -0.37256310  -0.78874134  -3.09690563   2.14282705  -0.84538531
  0.15220456   0.63755723  -0.75521821  -0.46648999   0.71999372   0.51380553   0.87133281   0.27409819   0.40700040   5.41110280  -2.59766538   2.57781296
 -0.43471835  -0.58804654   0.68207128   0.50192208  -0.78704733  -0.35865125   0.74772600   0.18643436   0.63729746   8.12446275  -0.81888997   6.96453726
 -0.66880965  -0.60741813   0.42864539   0.63226519  -0.76803037  -0.10183361   0.39106826   0.20291026   0.89771546   8.44735015   4.58387145  -2.66290134
 -0.03571588  -0.17943437   0.98312140  -0.98930321   0.14557244  -0.00937131  -0.14143385  -0.97293986  -0.18271424  -1.32487672 -11.09219391  -9.90240026
 -0.51808386  -0.78602270   0.33727946   0.83354530  -0.37554855   0.40517344  -0.19181071   0.49105153   0.84975117  -4.32775160   1.52433730   2.77651501
  0.19478904  -0.56142198   0.80427768   0.73430298   0.62709725   0.25990030  -0.65027406   0.53995777   0.53440550  -5.37542072  -3.29285762   5.70687665
  0.99862413  -0.05243457   0.00067990  -0.03241397  -0.62741702  -0.77800849   0.04122112   0.77691602  -0.62825339   8.58962636  -1.08779762  -8.20638299
 -0.91381041   0.34776125  -0.20979192   0.23170968   0.87063897   0.43393365   0.33355833   0.34792227  -0.87617860   0.53854400  -1.07860022   1.20568585
  0.05523403  -0.07835687   0.99539409   0.36949058  -0.92454050  -0.09328220   0.92759146   0.37294110  -0.02211398   1.13455369   4.50750195   1.52300463
  0.66654715  -0.73363659   0.13225827  -0.73600475  -0.67582221  -0.03951383   0.11837187  -0.07100488  -0.99042739   0.00482509   0.00052833  -0.00241217
  0.55353678  -0.35527771   0.75324285  -0.42565509  -0.89807766  -0.11078927   0.71583153  -0.25929571  -0.64834478   0.55330528   0.82823011  -2.36689268
 -0.38610037   0.92162061   0.03926768   0.12782478   0.01129550   0.99173244   0.91355751   0.38792765  -0.12216715   1.38054243  -1.70619395  -4.61957110
  0.05765094  -0.98605560  -0.15611124  -0.78970469   0.05062432  -0.61139486   0.61077235   0.15852927  -0.77577420   6.32275782   0.85989614   5.37534875
  0.83184448  -0.19014415   0.52142110  -0.49203958  -0.68730023   0.53433644   0.25677190  -0.70104464  -0.66528535   4.00434242   3.21794124   9.62347971
  0.87921075   0.41498581   0.23404112   0.41501643  -0.42583818  -0.80400448  -0.23398681   0.80402029  -0.54662743  -1.71881621  -8.53447022   4.73582812
  0.62368395  -0.40289099   0.66984862   0.41880277   0.89579457   0.14885003  -0.66001709   0.18769908   0.72742456   7.69262486   7.12287364   0.02980717
  0.90412123   0.29112755   0.31274518  -0.29954559   0.95382977  -0.02193668  -0.30469203  -0.07384802   0.94958372   2.55878195  11.00169271   1.64012419
 -0.26481875   0.83114145  -0.48895289  -0.18235338   0.45474353   0.87175431   0.94689929   0.32001910   0.03113684 -10.17910539   4.82590024   7.09234628
  0.44236014   0.71036089  -0.54745311  -0.24247796   0.68242446   0.68956602   0.86343612  -0.17229121   0.47412424 -10.11094343   7.24925753  -2.92134034
  0.48218593   0.77148306   0.41510314   0.67252301  -0.62961953   0.38896279   0.56143525   0.09161403  -0.82243379  -1.48900261   0.80050981   7.25866619
  0.86917201   0.27721296   0.40950335  -0.15450199  -0.63441307   0.75739632   0.46975436  -0.72157676  -0.50858413  -9.57256156  -2.69226092   6.76164462
  0.34548230  -0.11161323   0.93176417   0.92628318   0.19976460  -0.31952084  -0.15047074   0.97346628   0.17240059   6.84067768  -9.32957143   0.30741019
  0.62967777   0.25695938   0.73312876  -0.52744402   0.83427095   0.16060757  -0.57035841  -0.48781540   0.66085356   1.08660428  -1.32771221  -1.11468204
  0.37068227  -0.31675159   0.87307679  -0.88974910   0.14847413   0.43162713  -0.26634790  -0.93681581  -0.22679272  -3.06683810   1.79055757  -5.82120331
  0.68833930  -0.14677540   0.71038439   0.55157766   0.74193997  -0.38116553  -0.47111685   0.65420338   0.59166447  -6.73002118  -7.69793368   7.34629747
 -0.16851428   0.98529106  -0.02836308  -0.40349365  -0.04269905   0.91398559   0.89933076   0.16546394   0.40475409  -3.00898076   0.13378780  -8.77398610
 -0.66060355  -0.58235982   0.47377208   0.08901791  -0.68738818  -0.72081433   0.74543863  -0.43399831   0.50593153  -0.46745017   2.29822816  14.19928009
 -0.04736807   0.99420763   0.09647516   0.99868062   0.04521975   0.02433522   0.01983168   0.09750058  -0.99503786 -10.61896607   7.91052545  -2.14116215
 -0.80523899   0.41080437   0.42758618   0.13908870  -0.57013405   0.80969222   0.57640655   0.71146815   0.40195592 -15.42369347  -4.00260415  -0.93512897
 -0.62113582  -0.78156872   0.05779821   0.71499216  -0.59533299  -0.36655810   0.32089953  -0.18635709   0.92859815   0.60319926  -2.93061386   3.47478672
  0.98023729   0.03463541   0.19476973  -0.16864056   0.66099996   0.73119041  -0.10341771  -0.74958618   0.65377774  -0.04886815   0.35273132  -0.10779611
  0.21846874   0.95569250  -0.19728976  -0.14011429   0.23079918   0.96286018   0.96573257  -0.18271174   0.18432858   0.68983172  -2.63412718  -2.13079497
 -0.26949992  -0.94102354   0.20455928   0.96287131  -0.25983614   0.07323949  -0.01576819   0.21670230   0.97611038  -1.25608491  -4.73280791   7.30351307
 -0.58781571  -0.06200272   0.80661537   0.80506543  -0.14298460   0.57569529   0.07963890   0.98778088   0.13396484   3.51614175  11.03823739   0.62202765
 -0.58061918   0.66296533   0.47260802  -0.41985871  -0.74114655   0.52385155   0.69756722   0.10572966   0.70867567   0.08152617   0.50534108  -0.35587220
  0.56644559  -0.77181477   0.28886215  -0.81728008  -0.57111668   0.07667465   0.10579536  -0.27951330  -0.95429537   0.11939952   8.86173698 -12.67803726
 -0.29599419  -0.18304919   0.93748623  -0.93016545  -0.16794675  -0.32647529   0.21720881  -0.96865210  -0.12055477  -0.49142610  -0.12461229   0.94417029
 -0.34810009  -0.44090802  -0.82730070   0.37809861   0.74150094  -0.55427232   0.85782735  -0.50574349  -0.09140984  -2.66537566   7.17709359   5.42105841
 -0.28305100  -0.94342888  -0.17269648  -0.27621675   0.25261603  -0.92730224   0.91846962  -0.21477217  -0.33209408   8.57650206   1.13390163  -1.46038389
 -0.49614907   0.33530067   0.80088049  -0.48362801  -0.87279685   0.06579981   0.72106869  -0.35468172   0.59519814   1.19154440  -9.35816384  -8.95842308
 -0.26823781  -0.45097648   0.85127474   0.75867716   0.44567661   0.47516453  -0.59368127   0.77329979   0.22259824  -1.40510606  -2.17710253  -3.08315534
 -0.75749526  -0.16922512   0.63052660   0.42961347  -0.85643612   0.28626813   0.49156199   0.48772947   0.72144769  -2.20671138  10.77912390   5.64737194
 -0.58400306   0.64916093  -0.48737102  -0.64303675  -0.00353297   0.76582717   0.49542321   0.76064289   0.41949760   2.98467787   5.67209833   7.03482790
  0.06835183  -0.73793850   0.67139765   0.89829862  -0.24725653  -0.36321317   0.43403643   0.62794186   0.64598869  -8.10154202   1.30418613  -8.15565653
 -0.66187627  -0.36207962   0.65636739  -0.73111469   0.11849115  -0.67188627   0.16550259  -0.92458542  -0.34314821  -9.73025436  -9.10979982   5.46803673
 -0.44489024   0.46488428   0.76547716  -0.89087908  -0.31722909  -0.32511562   0.09169048  -0.82658836   0.55528780  -8.41370162   0.29845667  -5.35742502
 -0.41445317   0.18162612   0.89176259  -0.91005590  -0.08828848  -0.40497333   0.00517863  -0.97939629   0.20188137   1.68678081  13.05246675   1.23357823
 -0.02518268  -0.37938866   0.92489463   0.75825557  -0.61017327  -0.22964552   0.65147089   0.69552342   0.30303937   0.28268097  -0.45612475  -0.31914469
 -0.45854262  -0.54187396   0.70435167  -0.76398242   0.64523634  -0.00096789  -0.45394882  -0.53855611  -0.70985054  -4.03970859  -1.18735489  -0.92689586
  0.44955217  -0.03419695   0.89259925  -0.10525097   0.99027807   0.09094820  -0.88703161  -0.13483290   0.44158239  -0.43352212  -1.75025562  -1.88038728
  0.89695056   0.29515955  -0.32918162  -0.06235784   0.82154493   0.56672341   0.43771132  -0.48779582   0.75529070  -7.55180545  -0.66621467  -1.57046351
  0.44382304   0.62509461   0.64208865  -0.80974495   0.58667060  -0.01143325  -0.38384139  -0.51485371   0.76654513  10.33122397   1.28427200  -3.94224482
 -0.64748735   0.02549650   0.76164957  -0.71195807  -0.37669711  -0.59263394   0.27180110  -0.92598554   0.26205905   0.87226155  -0.76717251   4.94910005
 -0.45927340   0.88753477  -0.03674209   0.86411631   0.45597482   0.21304919   0.20584203   0.06609839  -0.97635038   5.07626203  -2.82605667   0.51944187
  0.27442602   0.78573852  -0.55435128   0.14982310   0.53450640   0.83177878   0.94986494  -0.31131637   0.02896068  -0.01070653   0.69878172  -0.63733003
  0.67115699  -0.47817786   0.56647527   0.74131510   0.43339972  -0.51246132  -0.00046257   0.76387867   0.64535972   2.08923535  -9.01736430   6.72746068
 -0.18174392   0.83774733   0.51492577  -0.96759882  -0.05901750  -0.24549840  -0.17527599  -0.54285941   0.82132940   0.15595171   0.56159437  -0.58511454
 -0.41868666   0.74624538  -0.51751262  -0.70567764   0.09133422   0.70262161   0.57159475   0.65937538   0.48836826 -10.58558317   4.93004467  -2.20649371
 -0.29368265  -0.18121641   0.93856865   0.46119773   0.83316508   0.30517635  -0.83728559   0.52249073  -0.16110953   5.82954444  -9.22016998   1.31529825
 -0.13036357   0.95452470   0.26811924  -0.23191012  -0.29228183   0.92778717   0.96396215   0.05877008   0.25946684   5.65981065  -1.30559957  -4.14752665
  0.35360333  -0.93001103   0.10022059  -0.68000132  -0.32914994  -0.65517824   0.64231059   0.16352307  -0.74879724   1.14962052   0.62348886   0.94754677
 -0.48964066   0.39602596   0.77679821   0.86794520   0.30639509   0.39088768  -0.08320549   0.86561278  -0.49375232   4.32457798  -3.10373779   2.81283103
 -0.18838416   0.93644250   0.29595075   0.98059697   0.16271278   0.10933499   0.05423097   0.31080539  -0.94892519  -7.51002277 -10.49448384   2.13105560
  0.83597308   0.35699583   0.41677691  -0.47254371   0.85444076   0.21594776  -0.27901873  -0.37747182   0.88298560  -2.76579725   1.49908413   2.90057661
  0.47620288   0.86330139  -0.16715721   0.85955206  -0.41690527   0.29556769   0.18547527  -0.28443051  -0.94058397   0.25794780   2.61037038   7.42815506
 -0.37586684   0.32223834   0.86884209  -0.92649951  -0.14885596  -0.34560175   0.01796619  -0.93488200   0.35450368   0.15037859   3.50366030   4.67763434
  0.17105737   0.05887691   0.98350032  -0.95005271   0.27432309   0.14881766  -0.26103492  -0.95983350   0.10286116  -0.12615947  -2.34854163   1.00209075
 -0.48649972   0.76901765  -0.41464427  -0.22720910   0.34690260   0.90996407   0.84361961   0.53690822   0.00595978   4.25531018   9.16093678  -7.85840365
 -0.65635021   0.59940584   0.45816704   0.75433180   0.51034115   0.41295936   0.01370876   0.61665593  -0.78711342   4.46331320  11.12940974  -9.18168966
 -0.15069818   0.76852989   0.62181337   0.20376822  -0.59134168   0.78025222   0.96735132   0.24428839  -0.06748785   0.85112197   3.18600109  -0.74541543
 -0.78599021   0.25012374   0.56538262   0.60257206   0.51450493   0.61007507  -0.13829788   0.82019680  -0.55511341  -1.42132467   3.44484773   2.65549415
  0.60262356  -0.79265997   0.09238515  -0.75748687  -0.60459345  -0.24633391   0.25111449   0.07846607  -0.96477178   0.69834381  -0.83018668  -0.56806006
 -0.47592975   0.43044324   0.76694817  -0.77870755   0.19908512  -0.59496190  -0.40878530  -0.88038840   0.24043887  -1.00621992  -3.42437204   9.54536399
  0.43548018   0.37055406   0.82039424  -0.79684466   0.58266813   0.15980124  -0.41880258  -0.72331704   0.54901444   1.14399095   0.90677406   0.08679646
  0.54433869   0.55959769   0.62493665   0.38898687  -0.82842464   0.40299111   0.74322581   0.02372850  -0.66861973   0.83583992  -0.22201483  -7.27670896
 -0.29267058   0.56649923   0.77033925   0.22255922  -0.74313281   0.63104756   0.92995232   0.35613516   0.09141348   5.26375505   0.84930893  -2.48475112
 -0.67369638  -0.40375959   0.61895992   0.05926715  -0.86437606  -0.49934099   0.73662785  -0.29972023   0.60625671  -1.21449333   0.72872109  -0.48521440
  0.27795900  -0.18006347   0.94356555  -0.21303272  -0.96936911  -0.12223168   0.93667276  -0.16703494  -0.30780428  -2.58902138   1.61052168   4.98275216
 -0.67081467  -0.22299342   0.70730589   0.02777138  -0.96060855  -0.27651394   0.74110487  -0.16584675   0.65058314  -5.51826160   9.12575232  -8.31654240
 -0.52339765   0.80158393  -0.28899498   0.62103822   0.59108089   0.51471829   0.58340932   0.08992541  -0.80718460  -0.02075213   5.89842269  -4.01717069
 -0.96222574  -0.12934479   0.23956535   0.25503964  -0.12032258   0.95941506  -0.09527022   0.98427252   0.14876553   5.14365189  10.57346726  -3.24606776
  0.58263163  -0.73301045   0.35104995  -0.79511121  -0.60354845   0.05939220   0.16834055  -0.31372752  -0.93447124  -1.17567187   1.76889429   0.86993006
 -0.54186689  -0.72240608  -0.42954595   0.53170789   0.10115549  -0.84086520   0.65089707  -0.68402998   0.32929621  -1.17639094   6.09541052  -8.59833462
  0.30073748   0.39079167  -0.86996485  -0.03745795   0.91632920   0.39866991   0.95297108  -0.08730789   0.29021279  -2.22676129  -3.35803400  -1.00832860
 -0.24709711  -0.08056348   0.96563582  -0.40174187   0.91537141  -0.02643206  -0.88178596  -0.39446763  -0.25855135  -1.06850561 -12.45209061  -3.39783822
 -0.02854255  -0.92434102   0.38049837   0.97072062   0.06519503   0.23119490  -0.23850953   0.37595650   0.89541605   0.91319784   3.50542689   1.85699126
 -0.88551694   0.18510745   0.42613962   0.32813594   0.89850623   0.29157050  -0.32891723   0.39802234  -0.85638290  -1.92574898   0.91907240   6.15100645
  0.86249518   0.32991456   0.38374268   0.49257139  -0.72122584  -0.48703873   0.11608397   0.60908922  -0.78456028   1.11558068   2.90096086   6.18588179
 -0.83688246  -0.30190750  -0.45659568  -0.02037779   0.85074887  -0.52517722   0.54700320  -0.43020719  -0.71812901   2.56424145   1.39142153 -10.38292397
  0.52512811   0.41080012   0.74530781  -0.57938513   0.81404874  -0.04046637  -0.62334047  -0.41057024   0.66549135  -6.69615317  -2.63272939  -3.91995842
  0.17220074  -0.96666647   0.18948043   0.65370392  -0.03175325  -0.75608394   0.73689761   0.25406231   0.62644573  -0.38867331   0.07028709   0.00551556
  0.84557205   0.28475779   0.45157603   0.09330153  -0.91167349   0.40018281   0.52564507  -0.29625066  -0.79745395  -2.02573184  -0.69102661  -4.26919192
  0.92321827  -0.34903864  -0.16074841   0.27927845   0.89677173  -0.34322588   0.26395372   0.27197884   0.92539502  10.67062624  -0.27656145  -5.80699123
  0.95817422   0.06802502  -0.27798340   0.06218755   0.89863943   0.43425786   0.27934724  -0.43338179   0.85682282   5.23982051  -4.31386462  -5.99191309
 -0.55731311   0.67012567   0.49023839   0.54686042  -0.14803204   0.82403288   0.62477658   0.72733630  -0.28396501  -7.73366622  -8.30141457  -6.74410748
 -0.21953335   0.30995053   0.92505988  -0.96791221  -0.18803468  -0.16670009   0.12227455  -0.93197298   0.34128479  -0.00249823   0.00295884  -0.00459823
  0.46177065  -0.72836453   0.50621437  -0.87368317  -0.47201164   0.11782500   0.15311952  -0.49667910  -0.85432095   0.18519273  -1.18673138  -1.47933629
 -0.38373386   0.78490230  -0.48649429  -0.25491898   0.41631677   0.87275235   0.88756106   0.45892125   0.04033165   0.88350177 -11.82758386  -3.15845214
 -0.13428707  -0.04164144   0.99006716  -0.65214954   0.75597011  -0.05665835  -0.74610184  -0.65328032  -0.12867346   3.32557012  -1.02553960  -3.00494141
  0.68175588   0.56313741   0.46699591   0.72715633  -0.59170232  -0.34804028   0.08032806   0.57685754  -0.81288547  -5.67862619   5.34852430  -6.57302011
  0.11275531   0.52792082   0.84177541  -0.98638426  -0.04260167   0.15884328   0.11971771  -0.84822444   0.51592923 -11.85257996  -2.57285193  -6.58133089
  0.10169783   0.26319111   0.95936854  -0.59843589   0.78655309  -0.15234411  -0.79468990  -0.55862750   0.23749375   0.27714115   1.54442575   0.85893174
 -0.88519874  -0.21748639   0.41124550   0.43653488  -0.08274493   0.89587420  -0.16081197   0.97254971   0.16818610   2.10220725   7.81413742   3.68780280
  0.67933900  -0.66481233   0.31068166   0.61410582   0.28327998  -0.73663186   0.40171204   0.69121417   0.60070826 -11.06893750   0.20523480  -2.05710874
  0.03526630   0.99931789   0.01095650  -0.10952081  -0.00703272   0.99395962   0.99335869  -0.03625324   0.10919809   1.62770861   2.60907673   1.64219439
 -0.59940739   0.75722008   0.25947741   0.74393430   0.40736748   0.52972964   0.29541926   0.51055801  -0.80750107  -0.48179727  -2.10839009  -0.61375533
 -0.85502778   0.17509864   0.48812699   0.24206457   0.96719479   0.07706486  -0.45861992   0.18405084  -0.86936359   9.03488544   2.45995530  -5.84983204
  0.99111838   0.01160242   0.13247544   0.12453698   0.26837278  -0.95523117  -0.04663579   0.96324526   0.26454426  -1.11892846   1.36309601  -1.13031259
  0.20814880  -0.80709653   0.55251177   0.73172409  -0.24634913  -0.63552496   0.64904078   0.53656993   0.53929470   5.43987868  -0.60772971   0.93849948
 -0.41352025   0.62508433   0.66202008   0.91024317   0.30091369   0.28444388  -0.02140949   0.72022256  -0.69341264  -0.32754872   4.52240702  -0.42541109
  0.33636527  -0.08538192   0.93785304   0.06736281  -0.99114897  -0.11439395   0.93931925   0.10165457  -0.32763652   4.74077497   6.66007994 -13.30404091
 -0.82394701   0.41883624   0.38169037   0.06018345  -0.60508214   0.79388511   0.56346187   0.67709070   0.47334860   3.41801349   3.10503385   3.05254733
  0.66805002  -0.52064064   0.53164132   0.73204007   0.33163833  -0.59509105   0.13351594   0.78673334   0.60268080   3.68294502  -5.83420069 -11.57008014
 -0.39604159   0.84997823   0.34740188   0.88421075   0.25098774   0.39392450   0.24763364   0.46318696  -0.85096147  -5.90955495  -6.44769612  -8.81486299
 -0.10113532   0.32730130   0.93949215  -0.24934159  -0.92253345   0.29455185   0.96312015  -0.20446487   0.17491055  -8.88673518  -0.25533890   7.90834505
  0.94574023  -0.30267393  -0.11816895   0.15586912   0.74171889  -0.65234799   0.28509687   0.59853285   0.74865092  -0.49425702  -0.76881254  -0.17140003
 -0.47337874   0.38685825   0.79136165   0.42939536   0.88577063  -0.17615340  -0.76911130   0.25641974  -0.58542012  -1.35836481   1.22357135   4.97801616
  0.22742964   0.75005207  -0.62104562  -0.05931699   0.64724456   0.75997103   0.97198624  -0.13600138   0.19169343  -9.56290513  -2.06286312   3.62209213
  0.80419146   0.13645712   0.57849421   0.54738594   0.20923611  -0.81030172  -0.23161332   0.96829732   0.09357118   1.74784460   2.29808361  -1.01983916
 -0.06743858   0.82574553   0.55999674  -0.99549383  -0.01818733  -0.09306587  -0.06666388  -0.56374953   0.82325111   6.63408502  -6.00124782   9.30015577
 -0.19574865  -0.61633508   0.76276702  -0.65477229  -0.49689257  -0.56953579   0.73003816  -0.61092457  -0.30629309  -0.43017949   2.88270074  -3.34862014
 -0.05223528  -0.68723607  -0.72455370  -0.38399279   0.68358491  -0.62069414   0.92185737   0.24580126  -0.29960094  -7.94332052   2.34247495   2.13949792
 -0.74200094  -0.62902731   0.23186042  -0.64282595   0.56940799  -0.51239569   0.19028771  -0.52924398  -0.82685633   0.08100599  -3.74680155  -0.15711985
 -0.13780080  -0.72913336   0.67035475  -0.66889845  -0.43064359  -0.60590508   0.73046958  -0.53189345  -0.42837314   4.48985621   3.12663518  12.95516052
  0.25827450  -0.50268135   0.82498833  -0.96584832  -0.11600046   0.23169143  -0.02076794  -0.85665358  -0.51547390  -1.33919939   4.55463088  -1.23963516
 -0.52267775  -0.82016223  -0.23268409   0.70394100  -0.26123207  -0.66047322   0.48091064  -0.50901053   0.71388601  -3.03905267  14.50410273  -0.46138296
 -0.12213371  -0.94606505   0.30007378  -0.36513394  -0.23830551  -0.89993760   0.92290875  -0.21947984  -0.31633532  -2.32364538  -3.99026365  -3.13302954
  0.86698239  -0.08588923   0.49088143  -0.35555068   0.58358781   0.73007464  -0.34917797  -0.80749508   0.47542238  -1.87371146  -9.73594472  -4.72444289
 -0.22369375  -0.96612699  -0.12868465   0.92008261  -0.16575795  -0.35492576   0.32157286  -0.19779518   0.92599566  -7.42783016  -2.51866263   6.88024202
  0.70166150  -0.22449355   0.67622022  -0.63438271  -0.62892478   0.44945767   0.32439131  -0.74434956  -0.58370713   0.23745040   1.28807141  -6.39404074
 -0.08979714   0.54219584   0.83544009   0.99363857   0.10601117   0.03800044  -0.06796230   0.83353782  -0.54826620   5.66030009  -8.90436399  -3.30221689
  0.38554564   0.02258598   0.92241229  -0.82322421  -0.44308221   0.35493668   0.41672107  -0.89619642  -0.15223509  -3.55595037  -7.17858210  -4.86599335
 -0.21789154   0.91075058   0.35079432   0.93399596   0.29886373  -0.19578565  -0.28315159   0.28498044  -0.91575724  -0.61072837  -1.47867377 -10.65695661
 -0.70171176  -0.21622165   0.67885846  -0.71234222   0.23031874  -0.66296443  -0.01300656  -0.94878948  -0.31564118  -2.94365266  -4.66686564  -5.25190598
  0.66704797  -0.05670872   0.74285337  -0.29500588   0.89549288   0.33326272  -0.68411880  -0.44144833   0.58060730  -2.20500163   2.51751453  -2.89131388
  0.80178635  -0.07930786   0.59232500  -0.58059897   0.13143161   0.80351140  -0.14157499  -0.98814776   0.05933401  -3.07910725  -3.57718549   9.96109344
  0.33291561  -0.89864695  -0.28565864  -0.83054507  -0.13600437  -0.54009046   0.44649982   0.41705692  -0.79164477   2.64010952  10.88274280  -6.10429304
  0.96877212   0.16871529  -0.18170230  -0.08006063   0.90640102   0.41476197   0.23467184  -0.38726263   0.89160349  -0.60085182  -3.10033569  -3.29505108
  0.05281657  -0.69778038   0.71436192   0.48458316  -0.60758045  -0.62930529   0.87314922   0.37940550   0.30604231  -0.00512899   0.14543777   0.07897237
 -0.26133657   0.35888061   0.89605128  -0.91479146  -0.38829393  -0.11128526   0.30799315  -0.84878297   0.42977632  -2.30963565  -0.27976796   1.06230403
 -0.69106876   0.69193164   0.20893680   0.59916883   0.38674064   0.70101953   0.40425324   0.60964112  -0.68184824   1.69177598  11.48999128  -3.19119759
 -0.36183810   0.89117860   0.27363092  -0.29117389  -0.38687274   0.87495557   0.88560203   0.23691809   0.39947324  -5.96519374 -10.03527531  10.77925043
  0.42687987  -0.79331404   0.43408111  -0.89925845  -0.42305128   0.11118385   0.09543486  -0.43781326  -0.89398643  -2.41035100  -1.36156209   0.45493329
  0.18115595  -0.46047757  -0.86898960   0.39997894   0.84172628  -0.36264819   0.89844274  -0.28188166   0.33666506  -1.06285175  -1.71113567   0.60603843
 -0.57817027  -0.71130801  -0.39969997  -0.29886659   0.64046037  -0.70745267   0.75920873  -0.28957113  -0.58288134   3.44927783   4.49559831 -13.50762650
  0.79983275  -0.46756719   0.37636220   0.03765868  -0.58671040  -0.80892072   0.59904040   0.66117458  -0.45166223   0.20470663   0.13612044   0.02923762
 -0.54800368  -0.35692576   0.75650246  -0.38769493   0.90976477   0.14839374  -0.74120483  -0.21197185  -0.63693275   5.17065107   2.35596033  -7.21277380
  0.39974504  -0.68622947   0.60769484   0.77081888   0.61042474   0.18226322  -0.49602636   0.39556384   0.77297289   2.93509718   8.08025837  -8.97423595
  0.34368383  -0.86044858   0.37617771   0.93352643   0.35656202  -0.03730858  -0.10202857   0.36399419   0.92579609  -2.11604773  -0.04377963  -3.75818720
  0.49810838  -0.21496791   0.84004574  -0.58272518   0.63442208   0.50787793  -0.64212102  -0.74249406   0.19074374  13.11059650  -2.46550624   0.71417697
  0.92367947  -0.35801553   0.13653244  -0.03842218  -0.44107389  -0.89664796   0.38123479   0.82296944  -0.42116663   4.26524717   9.55916501  -8.48600243
  0.68971527  -0.41977950   0.58998137  -0.37393930  -0.90423528  -0.20622309   0.62005020  -0.07838201  -0.78063693   3.11905152   7.17787472   1.50250955
  0.16908750   0.55116339   0.81708527  -0.23399191  -0.78287146   0.57650678   0.95742217  -0.28867143  -0.00340600  -0.52361521   6.33536212   2.78220020
 -0.58158054   0.78270708  -0.22166123  -0.69306653  -0.33406925   0.63879302   0.42593762   0.52513557   0.73675626  -1.04858792   2.06588706   0.54189817
  0.88882697  -0.45789905  -0.01775055   0.17766389   0.38005185  -0.90774233   0.42240048   0.80367223   0.41915246   1.63969947   2.81439797  -3.83073601
  0.37189100   0.92774404   0.03143374   0.88579004  -0.36479364   0.28688256   0.27762041  -0.07884535  -0.95744990  -2.62528832   2.28116016  -1.10878356
  0.03199277   0.49682766  -0.86725933  -0.39250542   0.80424079   0.44624684   0.91919310   0.32612731   0.22073743  12.70147369   2.12479320   8.59481367
  0.65771429   0.20452179   0.72497087  -0.63006497   0.67683700   0.38067021  -0.41283175  -0.70715098   0.57402738 -14.92875679  -2.67348584   3.96546740
  0.37567069   0.39460421   0.83854580  -0.77875938   0.62492387   0.05480855  -0.50239960  -0.67361537   0.54206731   2.68165808   7.64587064  -1.59515363
 -0.01558183   0.39295525   0.91942557   0.09189415  -0.91508269   0.39265650   0.99564686   0.09060814  -0.02185163   3.70545348  14.36706399  -1.15941159
  0.10190616  -0.63026989   0.76965901  -0.53762612  -0.68585999  -0.49046328   0.83700256  -0.36380756  -0.40874291  -0.83562658  -8.80166316  12.07416490
  0.12141575   0.72583812   0.67706517  -0.83978615  -0.28852491   0.45990499   0.52916674  -0.62442966   0.57451733   7.06803823   7.50519827   7.27532464
 -0.18556187  -0.69201349   0.69762749   0.82905416   0.27085145   0.48919187  -0.52748080   0.66914634   0.52345696   4.40540344  -8.99889616  12.44882355
 -0.83535462  -0.43507444  -0.33599537  -0.26648745   0.85510737  -0.44471995   0.48079840  -0.28196032  -0.83025977  -2.29954490 -11.30156399  -1.45928700
  0.16867531   0.88546334   0.43301652  -0.75357507  -0.16732819   0.63570897   0.63535286  -0.43353886   0.63903896   1.47277701  -7.19792278   3.10861188
 -0.42888054  -0.40261794   0.80867810   0.52399971   0.61832343   0.58574776  -0.73585718   0.67496291  -0.05421520  -0.10370362   0.05276924  11.37145238
  0.67451828   0.02923708   0.73767899  -0.47967305   0.77691969   0.40781070  -0.56119413  -0.62892050   0.53807077  -6.15131594   0.51725237  -1.68566072
  0.51325090   0.85245212  -0.09949316  -0.65505427   0.46400004   0.59632866   0.55450646  -0.24089280   0.79655084   0.68052185   1.68444731   2.46499502
 -0.28789575   0.90046071   0.32601619  -0.93728987  -0.33478537   0.09698688   0.19647832  -0.27764956   0.94037598   0.40051682   0.18011258  -0.02087479
  0.44083498   0.62226879   0.64687408   0.64613737  -0.72023946   0.25251063   0.62303373   0.30665400  -0.71957786  -0.41318131   0.85042504  -0.03943930
 -0.81214360  -0.42263061   0.40225135   0.42688064  -0.90038587  -0.08413210   0.39773823   0.10338597   0.91165544   3.16444890  -1.53168826  -4.46637619
 -0.34673488   0.31686715   0.88281942  -0.87204097   0.23771880  -0.42782509  -0.34542649  -0.91819659   0.19389574   0.33794577   1.37207674  -1.02935157
  0.12768096   0.96834653  -0.21448212  -0.72363939   0.23883976   0.64753502   0.67826515   0.07252982   0.73122898  12.22145738   0.73619623  -3.08618515
  0.67622667   0.10543032   0.72911037  -0.72326304  -0.09310839   0.68426705   0.14002878  -0.99005822   0.01329148   1.33125430   5.39021805   0.24481173
  0.08777788   0.66262267   0.74379180   0.83464101  -0.45650353   0.30818647   0.54375493   0.59374719  -0.59312297  10.56429420  -5.76112610  -8.23838201
 -0.44321193  -0.59762658   0.66813596   0.15316466  -0.78486731  -0.60043642   0.88323483  -0.16378577   0.43939783  -3.98408832 -13.09285279   2.49693725
 -0.13030684  -0.93290032   0.33573371   0.20512580  -0.35666106  -0.91143639   0.97002244  -0.04989875   0.23783730  -1.73316890   0.84243092   0.56942196
  0.30351421   0.83389940   0.46096737   0.66398943  -0.53208415   0.52536130   0.68337191   0.14662284  -0.71519549 -14.87643977   5.35949410  -0.74438790
  0.40440267   0.56773131   0.71703531   0.60192189   0.42505740  -0.67602976  -0.68858443   0.70498750  -0.16983555  -4.51209453   5.59751703  -8.77687555
 -0.03309744   0.88564165   0.46318833  -0.70449238  -0.34940561   0.61774283   0.70893938  -0.30586694   0.63549223   2.41286924  -8.93697041  11.62925031
 -0.76670727  -0.43912099  -0.46832971  -0.20997188   0.86088742  -0.46344866   0.60668919  -0.25699338  -0.75225171  -3.93864203  -1.06308769  -3.33611536
 -0.98043982   0.17812082   0.08373007   0.19630537   0.85426351   0.48135025   0.01421096   0.48837161  -0.87252004   0.88270044   0.72049173  -0.03549773
 -0.39315243   0.91877637   0.03579321   0.36055420   0.11824030   0.92521343   0.84583204   0.37665530  -0.37775514  -3.71653247   0.29357814  -1.68780453
 -0.97549548   0.13338162  -0.17497973   0.09780057   0.97527202   0.19819067   0.19708783   0.17622099  -0.96441824   1.04919577  -0.36852625   1.36241784
  0.62341703   0.77804443  -0.07744718  -0.64687437   0.56887013   0.50787825   0.43920923  -0.26652136   0.85794033   6.34334082   4.04373542  -1.88428492
  0.10315336   0.99257292  -0.06448547   0.17675022   0.04550792   0.98320313   0.97883540  -0.11281853  -0.17074319   3.66976868   0.59897461   1.93361343
  0.73602824  -0.19425392   0.64848118  -0.27434437   0.79015748   0.54807511  -0.61886799  -0.58130592   0.52828575 -14.71410544  -2.95809871   2.29214994
  0.33130987  -0.39507089   0.85682715  -0.49322815   0.70163552   0.51423105  -0.80433809  -0.59298110   0.03759869 -10.38371251   3.88336861   5.35111705
  0.38418664   0.68952971   0.61396205   0.64623343  -0.67577054   0.35456526   0.65938075   0.26054357  -0.70521917 -13.94246487  -5.57079872  -5.23647732
  0.64918652   0.26407034   0.71331880   0.44055857  -0.89502077  -0.06961298   0.62005242   0.35945052  -0.69737387   1.67144399   1.51324240   2.20331413
  0.75416657   0.15707617   0.63762047   0.44915409   0.58494523  -0.67535152  -0.47905469   0.79571738   0.37059474   4.28153705 -10.52533239  -4.93575632
 -0.91106456  -0.22401439   0.34609092   0.40587231  -0.63462471   0.65766188   0.07231213   0.73964115   0.66910532  -6.65589680  -6.16187968  -3.74987629
 -0.79243934  -0.55897798   0.24409736  -0.12165215  -0.24731077  -0.96126902   0.59769612  -0.79144236   0.12797791  -0.95147157 -12.70976280   0.82874647
  0.87277096  -0.48323573   0.06894991  -0.47016414  -0.87018908  -0.14736568   0.13121182   0.09619871  -0.98667587  -2.61837744  -6.80288902   4.62611675
  0.37035079   0.40452210   0.83618309   0.92874366  -0.17734352  -0.32555259   0.01659844   0.89716841  -0.44137665  -3.39325514  -2.32435417  -2.85517720
 -0.15476841   0.76722874   0.62242012   0.87569169   0.39821283  -0.27311282  -0.45739568   0.50277889  -0.73348659  -1.05150788  -5.04160080  -7.12266332
  0.46484675  -0.55971723   0.68602778   0.26661044  -0.65037882  -0.71128494   0.84429638   0.51354066  -0.15310002  -1.69689281   3.32091029  -2.15662137
 -0.97139083   0.13798045   0.19329058  -0.23252960  -0.71802404  -0.65602703   0.04826838  -0.68220443   0.72956650   0.72296968  -2.01049914  -2.96495556
  0.04205900  -0.70052663   0.71238577  -0.71871028  -0.51651105  -0.46548026   0.69403643  -0.49242134  -0.52519963   1.68150258   2.63484732   1.00426558
  0.90453659   0.35993881   0.22859925  -0.42624768   0.77743226   0.46250622  -0.01124649  -0.51579370   0.85663900 -11.59405079  -6.07293550  -1.08666756
  0.63726279   0.20047990   0.74411286  -0.65652263  -0.36442461   0.66043376   0.40357673  -0.90939679  -0.10061465  -3.00610025  -2.80409346  -5.17343993
 -0.39334617   0.22569480   0.89125790   0.68217975  -0.57824897   0.44750299   0.61636806   0.78402168   0.07348760   0.24621647   0.25839136  -1.70748990
 -0.12239587   0.71824576   0.68493962   0.87261484   0.40665984  -0.27050159  -0.47282406   0.56458020  -0.67652539   0.54488230   1.01776659  -2.49340953
  0.75066094  -0.60545600  -0.26444506   0.59978759   0.79234779  -0.11153396   0.27706136  -0.07488667   0.95792953  -6.54152467  -0.25684038  13.56234763
  0.17796048  -0.22339189   0.95834552   0.55065012   0.82974338   0.09116126  -0.81554553   0.51148997   0.27067231   1.76913878   0.78194809  -4.08140416
 -0.42563719  -0.90381901   0.04409287  -0.87890298   0.40132607  -0.25781181   0.21531960  -0.14848765  -0.96518852  -9.33668626   5.52033464   7.93432498
 -0.15943273  -0.23024768   0.95998292   0.98380957  -0.11768360   0.13516394   0.08185306   0.96598995   0.24528249  -2.33801593   1.68695088   6.85785525
  0.59754476   0.60089067  -0.53091493  -0.03644772   0.68179481   0.73063493   0.80100675  -0.41723644   0.42930401  -0.00399921   0.31632428   0.73966635
  0.32843967   0.04974707   0.94321398  -0.84170160   0.46851898   0.26838104  -0.42856248  -0.88205169   0.19575241   4.93392255  -0.86045785  -4.50322093
 -0.32681184   0.89727738   0.29679509  -0.94503115  -0.31374656  -0.09208264   0.01049477  -0.31057430   0.95049117  -4.72340489   0.10166101   4.18058336
  0.72176188   0.35986256  -0.59123491  -0.25953852   0.93259789   0.25080057   0.64163817  -0.02757006   0.76651181  -0.16903475   0.06158029   0.05232645
 -0.44635166   0.79847440   0.40399112   0.55799658  -0.10459092   0.82322570   0.69957845   0.59287383  -0.39886166  -3.32862312  -4.35909286  10.18218743
 -0.64345485  -0.75414389   0.13127394  -0.02151949  -0.15360264  -0.98789835   0.76518152  -0.63849293   0.08260757  -0.34123374  -1.00532957   0.90105531
 -0.92151130  -0.16778268   0.35023691  -0.25335100   0.94324148  -0.21472957  -0.29433008  -0.28660860  -0.91171559   1.55533047   4.11642165  -5.29896201
  0.94612585   0.03953957   0.32137595  -0.21545030   0.81778949   0.53366798  -0.24171688  -0.57415761   0.78225059  -4.90631780  -2.59287893   5.05448101
  0.32760901  -0.35091621   0.87722868  -0.38871874  -0.89630778  -0.21337785   0.86114463  -0.27109072  -0.43004621   2.04133676  12.06390897  -4.74932340
 -0.68790486   0.01110503   0.72571591  -0.52468891   0.68325225  -0.50780696  -0.50148624  -0.73009797  -0.46418585  -7.39881643  -9.75898381   9.36096900
  0.04972856   0.23043412   0.97181644   0.89058272   0.43021148  -0.14758219  -0.45209456   0.87282198  -0.18382685   1.25712802   4.54363695   9.20469339
 -0.48082450   0.37907510   0.79063890  -0.67318765  -0.73735827  -0.05586742   0.56180618  -0.55911077   0.60972860  -4.47305229  -2.57374978  -2.23085247
  0.54298872   0.64511761   0.53757466  -0.83421726   0.48769849   0.25735529  -0.09614992  -0.58819508   0.80298302  -1.31475203   2.62230501   4.27721526
 -0.82781406  -0.01764067   0.56072514  -0.41512525  -0.65304507  -0.63340600   0.37735250  -0.75711356   0.53327681  -7.95245869   3.83304030   5.12361446
 -0.19064104   0.71785388   0.66958331   0.76111583  -0.32268653   0.56265096   0.61996669   0.61689482  -0.48485265  -1.11195055   2.09957080  -9.72754390
 -0.84994065   0.52335472  -0.06083366  -0.41355874  -0.59113713   0.69247821   0.32645070   0.61372366   0.71886939  -1.54125664   2.94050666  -0.77273639
  0.92468678  -0.11242547  -0.36375111   0.00556474   0.95929646  -0.28234611   0.38068805   0.25905754   0.88767438  -6.62792210   7.96632284   7.54722003
 -0.94272207   0.12060295   0.31101452   0.33307579   0.28911535   0.89748138   0.01831983   0.94966691  -0.31272535  -2.63349617   8.49111053   0.56350397
  0.84839360  -0.49380520  -0.19074780   0.04529199   0.42672280  -0.90324764   0.52742482   0.75767016   0.38439431  -2.19520818   2.17761976  -8.07056217
  0.57776751   0.37915131   0.72279249   0.60640588   0.39332938  -0.69105999  -0.54631182   0.83757763  -0.00266664  -0.79681509  -5.21557092   2.77983808
 -0.49815263   0.74247580   0.44785449   0.75319921   0.11464583   0.64772470   0.42957527   0.65998941  -0.61634331   0.16236697  -0.48434325   0.47623009
 -0.32313009  -0.17871473   0.92932663   0.94451760  -0.12205939   0.30493934   0.05893589   0.97630044   0.20824027  -2.38757821  -9.33229479  -2.81533525
 -0.87664135   0.30079880   0.37552633   0.47941965   0.61211476   0.62886591  -0.04070310   0.73132456  -0.68081396   3.77660906   0.05394965   0.19639635
  0.69302626  -0.31957190   0.64621080  -0.66129332   0.07512987   0.74635557  -0.28706400  -0.94457890  -0.15926379  -3.23036064  -5.42043032  -0.38167833
 -0.15280153  -0.80991673   0.56629196   0.52121730  -0.55289073  -0.65011104   0.83963339   0.19582320   0.50662516   2.98530635   1.87021675  -0.19711811
  0.02185937  -0.01179467   0.99969148   0.17843096   0.98392225   0.00770703  -0.98370959   0.17820744   0.02361246  -0.48006611  -9.52809100  -9.04556077
  0.19324959   0.17998473   0.96449992   0.48669580  -0.87114631   0.06504850   0.85192828   0.45684747  -0.25594648   9.14661729  -8.38554202   1.58403852
 -0.37492169   0.14537301   0.91558747   0.35718671   0.93403078  -0.00203783  -0.85548313   0.32627165  -0.40211371  -4.08821005   6.64530334   5.68587755
  0.29969734  -0.41735354  -0.85790298  -0.12843279   0.87340184  -0.46975978   0.94534995   0.25096863   0.20815433  10.58276574   3.44956322  -8.02974464
 -0.23322228  -0.65204893  -0.72141497  -0.02193863   0.74521262  -0.66646594   0.97217594  -0.13960785  -0.18810525  -2.83668638  -0.80947043   8.07758718
 -0.47405980  -0.40092266   0.78391857   0.30446129  -0.91003818  -0.28130736   0.82617833   0.10531635   0.55347794  -2.49840734  -1.39717433  -4.53804826
  0.85158669   0.50677618   0.13408209   0.52398473  -0.81533884  -0.24629773  -0.01549548   0.28000084  -0.95987469   3.22204920  -9.22779725  -5.23499544
  0.09797381   0.87109231   0.48124767  -0.56202804  -0.35064630   0.74911391   0.82129508  -0.34386823   0.45522415   2.36776083   5.71452290   9.63978302
 -0.92076941  -0.01684988   0.38974321  -0.11601227   0.96569368  -0.23232921  -0.37245783  -0.25913663  -0.89113600   3.25271925   6.03834374 -12.48144808
  0.64546851  -0.11494540   0.75508805   0.54838668  -0.61838786  -0.56291074   0.53164128   0.77742139  -0.33611536  -1.10221107   5.82192129   0.26464048
 -0.61525969   0.78791018   0.02555495  -0.06968611  -0.08664888   0.99379868   0.78523841   0.60966344   0.10821795   5.06532039   6.57956246  10.95404159
